%YAML:1.0
---
type: IMU
name: d455
Gyr:
   unit: " rad/s"
   avg-axis:
      gyr_n: 1.4734374397901862e-03
      gyr_w: 8.3580946857600788e-06
   x-axis:
      gyr_n: 1.1537258473219266e-03
      gyr_w: 6.1039224146194728e-06
   y-axis:
      gyr_n: 1.9049902974443145e-03
      gyr_w: 1.1736171109567663e-05
   z-axis:
      gyr_n: 1.3615961746043172e-03
      gyr_w: 7.2341905330931020e-06
Acc:
   unit: " m/s^2"
   avg-axis:
      acc_n: 1.1780378525733166e-02
      acc_w: 2.9915927914294917e-04
   x-axis:
      acc_n: 1.1386140545556029e-02
      acc_w: 2.5774990945596777e-04
   y-axis:
      acc_n: 1.2402995907271834e-02
      acc_w: 3.9049526604042806e-04
   z-axis:
      acc_n: 1.1551999124371640e-02
      acc_w: 2.4923266193245162e-04
