%YAML:1.0
---
type: IMU
name: d455
Gyr:
   unit: " rad/s"
   avg-axis:
      gyr_n: 1.4616410571993011e-03
      gyr_w: 8.7730566506344793e-06
   x-axis:
      gyr_n: 1.1047922571644430e-03
      gyr_w: 6.4818571357310578e-06
   y-axis:
      gyr_n: 1.9158581921602303e-03
      gyr_w: 1.2226359545235410e-05
   z-axis:
      gyr_n: 1.3642727222732301e-03
      gyr_w: 7.6109532709369681e-06
Acc:
   unit: " m/s^2"
   avg-axis:
      acc_n: 1.1752731827759350e-02
      acc_w: 3.0238030001121497e-04
   x-axis:
      acc_n: 1.1252992339215520e-02
      acc_w: 2.5338561145299318e-04
   y-axis:
      acc_n: 1.2477978449142880e-02
      acc_w: 3.9855183094098911e-04
   z-axis:
      acc_n: 1.1527224694919652e-02
      acc_w: 2.5520345763966251e-04
