%YAML:1.0
---
type: IMU
name: ouster_imu
Gyr:
   unit: " rad/s"
   avg-axis:
      gyr_n: 3.8593416000937595e-03
      gyr_w: 8.7078973527850479e-05
   x-axis:
      gyr_n: 4.7120051313980981e-03
      gyr_w: 9.8573900976632500e-05
   y-axis:
      gyr_n: 3.8567725474129276e-03
      gyr_w: 1.0830872258891937e-04
   z-axis:
      gyr_n: 3.0092471214702527e-03
      gyr_w: 5.4354297017999573e-05
Acc:
   unit: " m/s^2"
   avg-axis:
      acc_n: 5.2758857039281577e-02
      acc_w: 1.8295370910392950e-03
   x-axis:
      acc_n: 5.4010753926804815e-02
      acc_w: 1.7921307506867023e-03
   y-axis:
      acc_n: 5.7905849450724772e-02
      acc_w: 1.9323532201664054e-03
   z-axis:
      acc_n: 4.6359967740315151e-02
      acc_w: 1.7641273022647778e-03
